function [HF_N2,HF_H20,HF_CO2] = Calculating_DH()
%%%%%%%%%%%%%%%%%%%%%%%%%%%%%%%%%%%%%%%%%%%%%%%%%%%%%%%%%%%%%%%%%%%%%%%%%%%%%%%%%%%%%%%

% C2H4 L 1 / 910 2 . 4 4 . 0 . 0 . G 200 . 000 6000 . 000 28 . 05376 1
% 3 . 99182761E + 00 1 . 04833910E - 02 - 3 . 71721385E - 06 5 . 94628514E - 10 - 3 .53630526E - 14 4 . 26865819E + 03 - 2 .69052151E - 01 3 . 95920148E + 00 - 7 .57052247E - 03 5 . 70990292E - 05 - 6 . 91588753E - 08 2 .69884373E - 11 5 . 08977593E + 03 4 .09733096E + 00 6 . 31426266E + 03


% Temp is the operating Temperature of the reaction
%Heat of Temperature change from 298 to 400 for N2 H20 and Co2 denoted with HT_
%Heat of formation (kj/mol) at 400k for N2 H20 and Co2 denoted with HF_
HT_N2 = Enth_Temp(400, 2.95257626, 1.39690057 * 10^-3, -4.92631691 * 10^-7, 7.86010367 * 10^-11, -4.60755321 * 10^-15, -9.23948645 * 10^2);
HF_N2 = 0 + HT_N2
HT_H2O = Enth_Temp(400, 2.67703787, 2.97318329 * 10^-3, -7.73769690 * 10^-7,9.44336689 * 10^-11, -4.26900959 * 10^-15, -2.98858938 * 10^4);
HF_H2O = -285.8 + HT_H2O
HT_CO2 = Enth_Temp(400, 4.63659493, 2.74131991 * 10^-3, -9.95828531 * 10^-7, 1.60373011 * 10^-10, -9.16103468 * 10^-15, -4.90249341 * 10^4);  
HF_CO2 = -393.5 + HT_CO2
% HF_HDPE (-28.18)-(-29.08)kJ/mol at 298.15k
end
